[[array([-0.07359426,  0.0801419 ,  0.04420201, -0.08212639, -0.07551695,
       -0.04038416, -0.05452273, -0.08655799,  0.12979549, -0.06484278,
        0.22928299, -0.0354691 , -0.22520159, -0.06760722, -0.00246572,
        0.14390774, -0.18024394, -0.12859461, -0.03355832,  0.0307949 ,
        0.06850663,  0.04529957, -0.00450811,  0.05329268, -0.19376834,
       -0.27257916, -0.11059372, -0.00590327, -0.06108024, -0.07644986,
       -0.02328805, -0.02649219, -0.22785385, -0.03670904,  0.06975599,
        0.11608809, -0.04824346, -0.07701454,  0.13488546,  0.06085823,
       -0.25026751,  0.05715401,  0.0981371 ,  0.24547751,  0.19690414,
        0.05394812, -0.04227891, -0.13933198,  0.12374517, -0.22595495,
        0.04010458,  0.14416593,  0.03623683,  0.03886997,  0.01745025,
       -0.11298786,  0.03688866,  0.18005434, -0.15503633, -0.00294424,
        0.08459575, -0.02960429, -0.01241332, -0.05932948,  0.18309852,
        0.06198418, -0.14004737, -0.23498659,  0.07615231, -0.16091919,
       -0.16796383,  0.12113467, -0.1048679 , -0.21542257, -0.36426896,
        0.03404603,  0.37686923,  0.13204743, -0.2175363 ,  0.05419394,
       -0.03870529,  0.00833556,  0.12265924,  0.10983099, -0.00160386,
        0.06047398, -0.16675757, -0.01576738,  0.2955097 , -0.01971637,
       -0.03707516,  0.23492222,  0.02847078,  0.09341932,  0.02924095,
        0.01304195, -0.10277706,  0.00988374, -0.23310846, -0.09666472,
        0.0497349 ,  0.061777  , -0.03388331,  0.1902891 , -0.17194171,
        0.18371561,  0.04274634, -0.05443502, -0.02497147, -0.00894266,
       -0.1247264 , -0.03124062,  0.09427515, -0.26201504,  0.18221785,
        0.15496087,  0.13942435,  0.05059463,  0.17543483, -0.0130897 ,
       -0.01240408,  0.01059702, -0.2031538 , -0.04865723,  0.07781893,
       -0.05324737,  0.15426399, -0.02118539])], [array([-0.04198941,  0.09169991,  0.05451877, -0.14427029, -0.09094992,
       -0.0344092 , -0.14551575, -0.14772868,  0.13148303, -0.11787222,
        0.14332388, -0.04642395, -0.17208536, -0.08762649, -0.0458094 ,
        0.2115887 , -0.20290077, -0.19109935,  0.01574381, -0.02341671,
        0.03172879,  0.01771164, -0.02983932,  0.04548455, -0.11539948,
       -0.29193461, -0.12310702, -0.07629062, -0.05741876, -0.0758449 ,
       -0.00455926,  0.00748876, -0.13348813,  0.0623027 ,  0.03006825,
        0.09386213,  0.02914786, -0.1442734 ,  0.13541947,  0.02562376,
       -0.27839431,  0.05525193,  0.0943724 ,  0.19197902,  0.27138096,
       -0.06839258, -0.00769084, -0.13411319,  0.19343773, -0.1173925 ,
       -0.02625986,  0.14607702,  0.05976097,  0.04361107,  0.03645793,
       -0.06869483,  0.03738106,  0.12414641, -0.19225717, -0.04109967,
        0.07342406, -0.0323691 , -0.02183915, -0.10791906,  0.14193776,
        0.10251069, -0.14210926, -0.23811379,  0.1220063 , -0.20733999,
       -0.12907746,  0.07928527, -0.1764237 , -0.18263327, -0.28950268,
       -0.01521402,  0.32933521,  0.14376903, -0.20103946,  0.05208513,
        0.04131221, -0.03487649,  0.11146655,  0.19589405,  0.03498275,
        0.02769233, -0.04846356, -0.02584996,  0.26908436, -0.03561898,
       -0.01769435,  0.20329957, -0.02742001,  0.09047732, -0.0209248 ,
        0.03929599, -0.04191626,  0.06006063, -0.14934674, -0.0077965 ,
       -0.0545363 ,  0.00753511, -0.02460648,  0.12565941, -0.09737822,
        0.13195354,  0.03661282,  0.00948184, -0.07681347,  0.03075656,
       -0.05944311, -0.04649545,  0.15139459, -0.18836352,  0.16284086,
        0.17427461,  0.08903375,  0.04201695,  0.09655874,  0.07560369,
       -0.01758257, -0.05933692, -0.16668676, -0.01511025,  0.02566146,
       -0.05767255,  0.08064267, -0.00843601])], [array([-0.14548558,  0.03905636,  0.06029715, -0.11964129, -0.07229942,
       -0.00890925, -0.09620221, -0.15026377,  0.16251074, -0.18720581,
        0.2019714 , -0.13017659, -0.20276903, -0.02687898, -0.06801617,
        0.22910114, -0.12042654, -0.14214925, -0.01274929,  0.00084101,
        0.09205493,  0.0489611 , -0.02108981,  0.08453001, -0.08079017,
       -0.33864716, -0.17671004, -0.05144516, -0.07945894, -0.09480873,
       -0.02499664,  0.08197448, -0.17983684, -0.02804638,  0.03044478,
        0.20593417,  0.00859813, -0.1426567 ,  0.0922941 ,  0.00412446,
       -0.28543845,  0.01454916,  0.13171618,  0.21701856,  0.11223012,
       -0.01100517, -0.03514544, -0.17006128,  0.10570443, -0.14529802,
       -0.00910522,  0.09524732,  0.04888203,  0.08404015,  0.04344002,
       -0.122629  ,  0.15010384,  0.06370161, -0.19904637, -0.05000408,
        0.14067376, -0.12745813,  0.05566147, -0.0937634 ,  0.15161407,
        0.14005806, -0.04296144, -0.26267654,  0.11705497, -0.17034166,
       -0.06157844,  0.14030287, -0.16812484, -0.19758269, -0.31731775,
       -0.02770333,  0.34765831,  0.15734412, -0.08467446,  0.09290666,
        0.0101211 , -0.02900239,  0.12228762,  0.1756295 ,  0.07352358,
        0.05687824, -0.07653072,  0.05442   ,  0.26370215, -0.04795839,
       -0.00875846,  0.16522485, -0.03935834,  0.05877046,  0.0170737 ,
        0.03180798, -0.08723877,  0.07220581, -0.14695236,  0.04072516,
       -0.08988331,  0.01550726, -0.01814247,  0.08850297, -0.13988984,
        0.11240178, -0.00774575, -0.06472534, -0.09275463, -0.02652063,
       -0.08964409,  0.01994445,  0.13364495, -0.23157135,  0.16251892,
        0.15556759,  0.09590138,  0.10722616,  0.10914963,  0.1112449 ,
       -0.03440975, -0.0846668 , -0.24202378,  0.00120787,  0.08912066,
       -0.04263191,  0.08097544, -0.00486458])], [array([-0.05904385,  0.10302058,  0.05575003, -0.11279941, -0.06370156,
       -0.01739457, -0.0761891 , -0.18529925,  0.18709268, -0.11534859,
        0.22813509, -0.12178581, -0.23629926, -0.06910052,  0.01060223,
        0.20203048, -0.16948059, -0.15698236, -0.04275748,  0.01653101,
        0.04982115,  0.04515218,  0.01068296,  0.07388344, -0.16622874,
       -0.3238056 , -0.13085234, -0.07417014, -0.07141662, -0.03417867,
       -0.11895762,  0.03986007, -0.23750195, -0.07761592,  0.0794083 ,
        0.12133962, -0.02888672, -0.10950352,  0.13897625, -0.00707941,
       -0.24036056,  0.08252265,  0.1025921 ,  0.2189941 ,  0.18795381,
        0.0025929 , -0.0102055 , -0.12720479,  0.13153343, -0.14404184,
        0.02434563,  0.13347892,  0.07949559,  0.02901916,  0.02977766,
       -0.12451274,  0.01188079,  0.1628326 , -0.16156696,  0.01869074,
        0.13858362, -0.11062921, -0.05085596, -0.09943381,  0.19141953,
        0.09290738, -0.12203938, -0.23022886,  0.06265993, -0.1320321 ,
       -0.06943876,  0.07379708, -0.2138495 , -0.20527519, -0.33438361,
        0.02290363,  0.29463798,  0.0955599 , -0.22145183,  0.06971157,
        0.03476383,  0.04799688,  0.10575589,  0.18431227,  0.05832521,
        0.07166976, -0.10875089,  0.03555043,  0.24652468, -0.08748891,
        0.0211817 ,  0.28003931, -0.05298593,  0.04675711, -0.01402268,
       -0.00126314, -0.09537032, -0.01408183, -0.17022827, -0.01056178,
        0.03176772,  0.06955904, -0.02978064,  0.16214217, -0.14622055,
        0.06399025, -0.03742023, -0.00654519, -0.02757239, -0.06756207,
       -0.04916095, -0.10097652,  0.10992124, -0.21720694,  0.11728349,
        0.14491455,  0.04583719,  0.04992432,  0.07325817,  0.03967368,
        0.00915829,  0.04313554, -0.24848242, -0.01320331,  0.13409737,
       -0.02063173,  0.09667601, -0.03335785])], [array([-0.09300334,  0.04573782,  0.04811211, -0.05970183, -0.09193703,
       -0.02514833, -0.10116356, -0.09921782,  0.12666687, -0.07748282,
        0.18559732, -0.09890737, -0.20233956, -0.05306517, -0.01737941,
        0.16248627, -0.12873043, -0.12437788, -0.0220028 ,  0.05093781,
        0.05868768,  0.0331044 , -0.05789373,  0.09028458, -0.10985379,
       -0.31804487, -0.1290932 , -0.0393099 , -0.07845904, -0.05898248,
       -0.16743658,  0.04287018, -0.20076852, -0.12579709,  0.09417431,
        0.19048876, -0.02593258, -0.04616655,  0.0958323 ,  0.03781004,
       -0.20354716,  0.12406088,  0.10799856,  0.27948099,  0.16929603,
        0.05754588, -0.00495498, -0.16055042,  0.13527556, -0.19545743,
        0.0724673 ,  0.14316024,  0.14211585,  0.08008306, -0.00036498,
       -0.14752047,  0.00880261,  0.16497366, -0.14304538,  0.05704456,
        0.08809811, -0.05351204,  0.00087987, -0.1037733 ,  0.20252725,
        0.11564959, -0.1227617 , -0.1810194 ,  0.05027239, -0.13566634,
       -0.09795329,  0.04215281, -0.16368335, -0.19473659, -0.34833717,
        0.04075567,  0.35982502,  0.08763903, -0.2505281 ,  0.03649573,
       -0.05627642, -0.00105552,  0.09166378,  0.13191926,  0.01833966,
        0.05458504, -0.08239001,  0.01551933,  0.28361893, -0.05726867,
        0.04809972,  0.19453135,  0.03666577,  0.07493823,  0.03770468,
        0.0298474 , -0.06483011, -0.03584177, -0.20630781, -0.03352501,
       -0.06021622, -0.03763294, -0.02812512,  0.12327694, -0.23454738,
        0.1160249 ,  0.04948711, -0.0525641 , -0.01556142, -0.01765975,
       -0.08584715, -0.07036697,  0.13648808, -0.25893727,  0.1509518 ,
        0.17932263,  0.11357711,  0.1113816 ,  0.07656858,  0.06177194,
       -0.01868206, -0.00743908, -0.16142914, -0.00986648,  0.10651384,
        0.01622856,  0.05951623,  0.00694019])], [array([-0.08650519, -0.02352455,  0.01865761, -0.05841703, -0.05714   ,
       -0.02389177, -0.0448058 , -0.13087225,  0.13316959, -0.11484309,
        0.19978547, -0.04976016, -0.22771089, -0.08454809, -0.04881926,
        0.15406576, -0.1391217 , -0.09975192,  0.0142958 , -0.01534775,
        0.10866322,  0.00367003, -0.00523738,  0.07847059, -0.12411978,
       -0.26541066, -0.14943269, -0.04012951, -0.03919173, -0.03197364,
       -0.05361303,  0.00927564, -0.2269336 , -0.05282828,  0.03806411,
        0.12612818,  0.01416397, -0.06763358,  0.14391679,  0.03178203,
       -0.2081555 ,  0.08429191,  0.04530638,  0.23438045,  0.1330516 ,
        0.08049662, -0.0289596 , -0.17727408,  0.14445436, -0.12200763,
        0.07742783,  0.14083447,  0.08766951, -0.00902335, -0.02383727,
       -0.09751313,  0.0598845 ,  0.15339774, -0.20206656,  0.04840821,
        0.10919601, -0.09298444, -0.03610687, -0.10776504,  0.14312178,
        0.07226337, -0.10709868, -0.22305396,  0.15357907, -0.18256229,
       -0.09810185,  0.06727254, -0.13255705, -0.21996504, -0.31511033,
        0.03846782,  0.33522031,  0.12710236, -0.22716245,  0.080458  ,
       -0.00613964,  0.01807365,  0.18576904,  0.18304721,  0.07138098,
        0.03131149, -0.10136376, -0.03779443,  0.23575945, -0.03644717,
       -0.0108744 ,  0.241409  ,  0.01466595,  0.03512076,  0.04743697,
        0.02658848, -0.08366217,  0.04524263, -0.16607562, -0.01996932,
        0.02019092, -0.01565198, -0.01056766,  0.09331238, -0.17188928,
        0.15779205, -0.01191033, -0.03609185,  0.00848698, -0.06749556,
       -0.12063962, -0.04247135,  0.12677743, -0.2706767 ,  0.18651552,
        0.15293556,  0.09572862,  0.11261144,  0.10414179,  0.12240961,
       -0.00409956, -0.02735533, -0.26107526, -0.04844181,  0.09600504,
       -0.072298  ,  0.11993542, -0.00762601])], [array([-0.0864101 ,  0.09220966,  0.03683974, -0.08125994, -0.15229398,
        0.00908194, -0.11697273, -0.14657971,  0.1051802 , -0.13648017,
        0.22939968, -0.09241834, -0.24595384, -0.01571209, -0.05619349,
        0.15467158, -0.07305999, -0.16911343, -0.01230633, -0.03448042,
        0.09360989,  0.07984925, -0.01449908,  0.05860403, -0.16395803,
       -0.22956291, -0.13145372, -0.07318976, -0.07154112, -0.07871402,
       -0.06353615,  0.0040609 , -0.2027463 , -0.03731818,  0.07290008,
        0.12899771,  0.00422638, -0.03435874,  0.19497192,  0.0372142 ,
       -0.20504113,  0.06899172,  0.08733055,  0.23288158,  0.10501683,
        0.01072526, -0.01509944, -0.21960606,  0.09610967, -0.10200019,
        0.12531053,  0.16487667,  0.11299217,  0.07214916, -0.00104936,
       -0.11427886,  0.03733591,  0.17856777, -0.16436844,  0.02996492,
        0.14929362, -0.06508024, -0.04514514, -0.14171833,  0.21820283,
        0.07757522, -0.11122235, -0.24689408,  0.10189375, -0.11795758,
       -0.19366246,  0.10547142, -0.16629733, -0.14542161, -0.36702862,
        0.05877746,  0.36221611,  0.11276902, -0.24157184,  0.05546855,
       -0.00714574, -0.0375402 ,  0.08721107,  0.12420484,  0.00898295,
        0.03501774, -0.06234982,  0.03571187,  0.25107661, -0.05863141,
       -0.01930576,  0.18460226,  0.01983641,  0.09618849,  0.04880843,
        0.06001817, -0.09650566, -0.03224999, -0.16968356, -0.02237175,
       -0.05407191,  0.00222469, -0.03821263,  0.14835615, -0.17271751,
        0.14079925, -0.01016735, -0.10053392, -0.10463749, -0.01473481,
       -0.10491037, -0.03800904,  0.1540212 , -0.2520133 ,  0.17152961,
        0.10532255,  0.12214404,  0.0899794 ,  0.15539205,  0.08500458,
       -0.02244465, -0.00879337, -0.24381155, -0.05577904,  0.13404106,
       -0.03302991,  0.12937278,  0.04196818])], [array([-0.07877892,  0.09447742,  0.06335525, -0.18252115, -0.13567628,
       -0.01175607, -0.0787524 , -0.09643514,  0.1645709 , -0.21641071,
        0.15995674, -0.08799592, -0.09129719,  0.00348818,  0.01840065,
        0.2017898 , -0.14879987, -0.23134457, -0.07372831,  0.02116026,
        0.02327428,  0.09139127, -0.01789407,  0.08916549, -0.07715681,
       -0.38008374, -0.11262162, -0.01179532, -0.00932056, -0.07550815,
       -0.00153583,  0.0608143 , -0.19898458,  0.00728045,  0.00866032,
        0.12380132, -0.00833357, -0.12724207,  0.16486296,  0.06431642,
       -0.29863718,  0.0977615 ,  0.05520092,  0.26292375,  0.27032089,
        0.02537838,  0.00603161, -0.12918872,  0.14278485, -0.24232092,
        0.03114054,  0.12208284,  0.00913268,  0.04946251, -0.00067157,
       -0.09689145,  0.01870266,  0.11920966, -0.23583782,  0.02859908,
        0.12640122, -0.0990085 ,  0.01559409, -0.17323008,  0.24669464,
        0.15199539, -0.13581502, -0.25167435,  0.14431362, -0.17525448,
       -0.13970287,  0.04175641, -0.15704405, -0.15872614, -0.29071444,
        0.04541972,  0.29856133,  0.1706406 , -0.13042733,  0.07060861,
       -0.01828282,  0.01444971,  0.02652017,  0.1754515 ,  0.04572981,
       -0.06080531, -0.04600938,  0.02332642,  0.27772892, -0.01491834,
       -0.04075604,  0.22444366, -0.06414166,  0.03453872, -0.04815246,
        0.08738606, -0.12689768,  0.09084971, -0.15994269,  0.04075978,
       -0.05952493,  0.0381256 , -0.00581011,  0.18926875, -0.14241238,
        0.24524488, -0.10990791, -0.00079901, -0.04901993,  0.00506529,
       -0.06556892, -0.01613053,  0.11582273, -0.18857355,  0.20035519,
        0.16837439,  0.103365  ,  0.13464703,  0.13963376,  0.1079635 ,
        0.0263698 ,  0.01158506, -0.28887045, -0.0448061 ,  0.07802512,
       -0.00867661,  0.09498342,  0.10293132])], [array([-0.06943802,  0.06188687,  0.06075321, -0.07852443, -0.07845981,
       -0.03634387, -0.11516529, -0.06589488,  0.18243711, -0.11336124,
        0.21047039, -0.03328618, -0.15778621, -0.04787352, -0.01892586,
        0.17569065, -0.14062536, -0.12239335, -0.05024868,  0.03001409,
        0.05904217,  0.14349341,  0.00792409,  0.06618424, -0.19722518,
       -0.3382563 , -0.08793584, -0.07821797, -0.11655169, -0.0142252 ,
       -0.11556242,  0.11038256, -0.20220587, -0.037891  ,  0.09024771,
        0.2047801 , -0.01398594, -0.04331277,  0.14616559,  0.05198979,
       -0.27559194,  0.08135506,  0.0363551 ,  0.2520951 ,  0.19824141,
       -0.02055341,  0.01274143, -0.1506729 ,  0.11056422, -0.18143027,
        0.05286504,  0.14585175,  0.0565942 ,  0.06365779,  0.01823472,
       -0.09473893,  0.0349443 ,  0.10800824, -0.11150783, -0.07029319,
        0.09448677, -0.11690043, -0.01132981, -0.09780415,  0.20326397,
        0.08792678, -0.10626908, -0.20144065,  0.0705895 , -0.16687563,
       -0.14877237,  0.09739299, -0.15851358, -0.17024264, -0.39803299,
        0.0147595 ,  0.3305653 ,  0.12357683, -0.24947581,  0.09088184,
       -0.01537828,  0.02773484,  0.12311101,  0.17641035,  0.01314479,
        0.12606348, -0.10425371,  0.04882433,  0.30130875, -0.05401693,
       -0.01071917,  0.22524543,  0.03166599,  0.10608355,  0.06492803,
        0.00512939, -0.01789051, -0.03654577, -0.1831172 ,  0.02801757,
        0.03024466,  0.04942371, -0.05171308,  0.16779183, -0.18411678,
        0.13504146, -0.01976508, -0.05224501, -0.00093524, -0.02176293,
       -0.06946285, -0.0826974 ,  0.13397409, -0.20508163,  0.12039712,
        0.11529016,  0.07252069,  0.12927109,  0.11615011,  0.06933875,
       -0.08924764, -0.01097285, -0.25269806, -0.0221869 ,  0.13836031,
        0.01598205,  0.12320825,  0.01128712])], [array([-0.09412046,  0.04795901,  0.03671644, -0.09455322, -0.13797429,
       -0.01240494, -0.06001437, -0.08555675,  0.07316346, -0.15569896,
        0.17840436, -0.11850689, -0.24439244,  0.04167331, -0.0236559 ,
        0.17777307, -0.11420789, -0.15197551, -0.06312612, -0.01071399,
        0.0557442 ,  0.04372948, -0.04521519,  0.09406779, -0.13714987,
       -0.31749058, -0.09429335, -0.00766429, -0.11166046, -0.0057612 ,
       -0.05425038,  0.04277626, -0.2390451 , -0.02547824,  0.05242187,
        0.15565792,  0.04970296, -0.05346153,  0.16161513,  0.03022588,
       -0.26732278,  0.07883586,  0.17820893,  0.2590279 ,  0.14745456,
        0.02210905, -0.00582766, -0.09715895,  0.07768235, -0.19943617,
        0.047307  ,  0.10764354,  0.1005719 ,  0.06879487, -0.0093671 ,
       -0.10071126,  0.05862188,  0.10234633, -0.17558326, -0.00067472,
        0.13173428, -0.0930277 ,  0.02683568, -0.11357044,  0.27940497,
        0.07855161, -0.11257478, -0.17956181,  0.09653351, -0.19914977,
       -0.11385932,  0.0812685 , -0.13561884, -0.15087119, -0.39442548,
        0.03175917,  0.3229433 ,  0.19504412, -0.16278967,  0.09046946,
       -0.03945574,  0.01625433,  0.12190483,  0.13856339,  0.05446418,
        0.10828415, -0.07342277,  0.09620462,  0.30953285, -0.03294142,
       -0.02650506,  0.2409649 ,  0.05272859,  0.01990581,  0.0358082 ,
        0.06183828, -0.05879607, -0.08531787, -0.19860946,  0.03351578,
       -0.05102162,  0.02101376,  0.01630517,  0.13100752, -0.22152215,
        0.08121175, -0.0559616 , -0.08059169, -0.08067033,  0.0334837 ,
       -0.08203208, -0.06039659,  0.09500939, -0.27081391,  0.10288338,
        0.14416143,  0.0520287 ,  0.08477192,  0.10161792,  0.04601293,
       -0.02215793, -0.04401056, -0.17803665, -0.07142546,  0.10527945,
       -0.00715963,  0.19002953,  0.06703822])], [array([-0.0766086 ,  0.14421177,  0.00849396, -0.0588326 , -0.12695687,
        0.00680451, -0.12247774, -0.13223   ,  0.08523266, -0.12477473,
        0.20243643, -0.08299943, -0.22713912, -0.05878654, -0.05774238,
        0.1716478 , -0.16071649, -0.21286343, -0.00374584, -0.02262958,
        0.07719293,  0.1152534 , -0.05895036,  0.09552617, -0.11965719,
       -0.3533825 , -0.06869572, -0.05105355, -0.01031785, -0.09294067,
       -0.12390028,  0.04670672, -0.21336192, -0.03139038,  0.11087409,
        0.16855584,  0.02033073,  0.00121819,  0.11633143,  0.05412544,
       -0.24511352,  0.13234238,  0.07583621,  0.29845887,  0.20329125,
        0.04657464, -0.00945259, -0.16366263,  0.12779467, -0.12847386,
        0.07307756,  0.18285164,  0.14956637,  0.03162243, -0.03189453,
       -0.15396886, -0.04556608,  0.08065928, -0.16169025,  0.04640334,
        0.13437553, -0.11896507, -0.01264591, -0.1024989 ,  0.14370474,
        0.03396095, -0.09992629, -0.26673084,  0.10015257, -0.21834603,
       -0.13539238,  0.10197435, -0.12695411, -0.15958807, -0.31965685,
        0.04009109,  0.35093302,  0.14079641, -0.19989699,  0.08234896,
        0.03201608,  0.00891088,  0.09659366,  0.12886705, -0.01279786,
        0.05796044, -0.11486895,  0.05993637,  0.27984992, -0.02237372,
       -0.0471241 ,  0.1922375 , -0.03813186,  0.10855106,  0.07991883,
        0.07167807, -0.09495645, -0.01117164, -0.15360855, -0.04527139,
       -0.05060905, -0.04368249, -0.02366369,  0.13859761, -0.14254482,
        0.14715151, -0.06808276,  0.00313291, -0.06919237,  0.0334581 ,
       -0.09746114, -0.04400454,  0.14830869, -0.22775802,  0.21055363,
        0.1624478 ,  0.10665368,  0.09752332,  0.13838868,  0.03872331,
       -0.00712883, -0.05655574, -0.2195513 , -0.10128281,  0.09589564,
       -0.04639008,  0.15505369, -0.00411057])], [array([-0.09554521,  0.0466338 ,  0.02994725, -0.13381003, -0.12715381,
        0.00541251, -0.07884827, -0.07914035,  0.17780563, -0.19342908,
        0.18990296, -0.07838746, -0.22356495, -0.0138378 , -0.05585052,
        0.22879416, -0.09738769, -0.14644794, -0.0348357 ,  0.01119238,
        0.10667311,  0.04763468, -0.02272699,  0.06143785, -0.03154831,
       -0.29945943, -0.10755473,  0.0083238 , -0.05132376, -0.119385  ,
       -0.04271473,  0.03990971, -0.18105066, -0.01636859,  0.02234694,
        0.14541015,  0.02101841, -0.09359186,  0.12328581,  0.03364074,
       -0.30182177,  0.00537876,  0.08077883,  0.21276926,  0.12565228,
        0.05606367, -0.04358891, -0.20879979,  0.10753781, -0.17592657,
        0.06188275,  0.12103914,  0.05450452,  0.03770629, -0.02290912,
       -0.14366569,  0.07150491,  0.13942961, -0.17906943, -0.02728545,
        0.12526232, -0.07225722, -0.00482714, -0.1432061 ,  0.19306263,
        0.10902768, -0.11046399, -0.25300705,  0.09490256, -0.16217753,
       -0.11986394,  0.08583955, -0.15799332, -0.18940799, -0.32936668,
       -0.01629976,  0.30807832,  0.1334502 , -0.12324981,  0.0572542 ,
       -0.01446679, -0.01934494,  0.09555244,  0.19266765,  0.04848238,
        0.02196342, -0.05090628,  0.01910957,  0.24789402, -0.07440137,
       -0.00312103,  0.19680859, -0.01615806,  0.07558353, -0.07292012,
        0.05417138, -0.07042386,  0.08433151, -0.1457971 , -0.00497289,
       -0.05729011,  0.02315315, -0.01586141,  0.13854378, -0.20765314,
        0.1349379 , -0.01799086, -0.02564105, -0.01837493, -0.02975198,
       -0.0758316 , -0.04861531,  0.12022391, -0.20375131,  0.17239681,
        0.20876899,  0.14740431,  0.09223136,  0.14435671,  0.10502932,
        0.04472059, -0.06714651, -0.28840962,  0.02369512,  0.1000927 ,
       -0.05576671,  0.06187832,  0.03491551])], [array([-0.06017067,  0.10507731,  0.07121015, -0.09053309, -0.08369484,
       -0.03229719, -0.09371457, -0.07408352,  0.18576434, -0.10823977,
        0.26072338, -0.0693998 , -0.19282275, -0.02620301, -0.03813815,
        0.16898207, -0.11061236, -0.1400142 , -0.06794832,  0.02794868,
        0.07284584,  0.10501225, -0.01813602,  0.02915013, -0.12416211,
       -0.30372396, -0.09296656, -0.04999879, -0.0313018 , -0.08879788,
       -0.07213321,  0.0515229 , -0.24219748, -0.08428621,  0.11045917,
        0.15304904, -0.02287103, -0.10519341,  0.16226685, -0.00368079,
       -0.27400646,  0.09580327,  0.05620793,  0.2529301 ,  0.15684952,
       -0.00600484, -0.01831501, -0.20204607,  0.08640461, -0.12479351,
        0.06368133,  0.16624373,  0.05472085,  0.08238778, -0.01233463,
       -0.11277009,  0.06198076,  0.13206136, -0.1597313 , -0.03441002,
        0.15640408, -0.09375152, -0.0148694 , -0.09689397,  0.17026153,
        0.05223557, -0.10768549, -0.25101388,  0.07023771, -0.13626352,
       -0.08654664,  0.13512707, -0.17040661, -0.18862365, -0.29910564,
        0.04182942,  0.36643547,  0.08949612, -0.20930086,  0.08861486,
       -0.01634506, -0.0061674 ,  0.11286338,  0.15779705,  0.04844651,
        0.05637452, -0.06612177,  0.07506151,  0.31625164, -0.06115229,
       -0.02608014,  0.19421697, -0.01483032,  0.02571636,  0.02260104,
        0.02554745, -0.0212329 ,  0.01715396, -0.16104606,  0.02302497,
        0.012192  ,  0.00592018, -0.07233223,  0.14943582, -0.18474588,
        0.10888373,  0.01652681, -0.04176151, -0.00041544, -0.04091674,
       -0.06676517, -0.0660523 ,  0.14360338, -0.24242961,  0.237867  ,
        0.13448319,  0.12237865,  0.09161579,  0.11284962,  0.06891111,
        0.02011204, -0.03279737, -0.23980178, -0.05141461,  0.10381445,
        0.02533786,  0.13601285, -0.01720586])], [array([-0.10986277,  0.07388496,  0.08045468, -0.09437381, -0.10863225,
        0.03442382, -0.05977955, -0.0908663 ,  0.11747263, -0.21039344,
        0.1796307 , -0.0837552 , -0.15027781, -0.01453681, -0.0799207 ,
        0.21320786, -0.1434668 , -0.18181749, -0.04734666,  0.00785359,
        0.05745605,  0.11323356, -0.04519372,  0.00651253, -0.08695098,
       -0.33758086, -0.12530835, -0.00044168, -0.02497053, -0.06572621,
       -0.05899046,  0.0585499 , -0.1552237 ,  0.00203546,  0.01140703,
        0.12708664, -0.0283792 , -0.09239671,  0.13114098,  0.07936149,
       -0.30467966,  0.08820975,  0.09660762,  0.2971305 ,  0.20743918,
        0.00872809, -0.0273598 , -0.13494056,  0.06784612, -0.17187008,
        0.03459297,  0.12225344,  0.01485398,  0.07527687,  0.01109129,
       -0.07440382,  0.00348886,  0.12450843, -0.11096375,  0.00193434,
        0.144329  , -0.09075563,  0.02521823, -0.14756979,  0.17631869,
        0.1039886 , -0.08522135, -0.24654201,  0.15541971, -0.18609421,
       -0.14834079,  0.07333074, -0.12353838, -0.15279371, -0.24591112,
        0.03864059,  0.32657543,  0.16125521, -0.12866683,  0.05720736,
        0.05580872, -0.02534667,  0.15416534,  0.22049142,  0.04534474,
        0.04161716, -0.03268195, -0.00840746,  0.28936598,  0.00699463,
       -0.03981908,  0.19752793, -0.01108507, -0.00067336,  0.0601784 ,
        0.0227054 , -0.05599084,  0.05591228, -0.20015219, -0.01044144,
       -0.05503502, -0.04824066, -0.05115821,  0.15414941, -0.09969079,
        0.20925072, -0.05235272,  0.00411158, -0.02759902, -0.0189664 ,
       -0.04624018,  0.02239573,  0.14574581, -0.1571818 ,  0.14448243,
        0.1512762 ,  0.10592411,  0.09913769,  0.17559399,  0.1222522 ,
       -0.00925778, -0.0106579 , -0.28556615, -0.0437791 ,  0.09145878,
       -0.0666409 ,  0.12446003,  0.0337818 ])], [array([-3.57614607e-02,  2.64502019e-02,  9.33142826e-02, -1.05362646e-01,
       -8.12729821e-02,  1.89197082e-02, -9.62607414e-02, -1.08745947e-01,
        1.42449334e-01, -1.45702943e-01,  1.95010424e-01, -3.52043174e-02,
       -1.79168403e-01, -5.53838536e-02, -4.21362743e-02,  1.99733585e-01,
       -1.16995856e-01, -1.45856813e-01, -5.76887801e-02,  2.48870030e-02,
        4.39142287e-02,  6.66868761e-02, -3.99728306e-05,  5.51148355e-02,
       -1.54204488e-01, -2.76518494e-01, -9.52584743e-02, -1.91214085e-02,
       -7.67348558e-02, -6.61203414e-02, -1.31826431e-01,  7.96133578e-02,
       -1.80939749e-01, -8.00237991e-04,  4.83902283e-02,  1.30759567e-01,
       -1.61890090e-02, -7.78954700e-02,  1.47683427e-01,  5.06189764e-02,
       -2.69472182e-01,  1.06713168e-01,  3.66794169e-02,  2.20578998e-01,
        2.26256788e-01, -2.00445615e-02, -3.34538706e-03, -1.28980398e-01,
        1.20683767e-01, -2.07589537e-01,  5.92096262e-02,  1.37467802e-01,
        7.69893378e-02,  7.89724886e-02, -8.44503939e-03, -1.08346410e-01,
        3.61672118e-02,  9.71886814e-02, -7.95612931e-02, -1.37503650e-02,
        1.01176813e-01, -9.72427875e-02, -1.53090954e-02, -9.45806578e-02,
        1.54625908e-01,  1.17763273e-01, -9.80597213e-02, -2.54256666e-01,
        7.32171535e-02, -1.51384443e-01, -1.37924045e-01,  8.28719661e-02,
       -1.82819709e-01, -1.32402897e-01, -3.07570398e-01,  8.74996744e-03,
        3.16324681e-01,  1.36057466e-01, -2.72800982e-01,  3.69101763e-02,
       -2.11697556e-02,  4.56363894e-02,  1.06097184e-01,  1.36610553e-01,
        1.15047619e-02,  6.75290599e-02, -8.15447494e-02,  6.40372746e-03,
        2.78074116e-01, -4.88466509e-02, -2.91580353e-02,  2.31622264e-01,
        4.10473794e-02,  6.85116649e-02,  5.52454367e-02,  2.17779372e-02,
       -1.78805962e-02,  1.61358006e-02, -1.64559245e-01, -4.09916183e-03,
        2.65140887e-02,  1.37361092e-02, -1.05749294e-02,  1.75305173e-01,
       -1.80489555e-01,  2.22457603e-01, -4.76052463e-02,  1.22004589e-02,
        3.51308025e-02,  2.33471524e-02, -7.16960132e-02, -4.31491397e-02,
        1.30485773e-01, -1.83519766e-01,  1.39375359e-01,  1.54997885e-01,
        1.03148244e-01,  4.71791625e-02,  1.10994607e-01,  1.11686811e-01,
       -5.49845695e-02,  3.94645371e-02, -2.08549783e-01, -3.81152481e-02,
        1.06768817e-01, -3.45333256e-02,  1.05809622e-01,  2.82776952e-02])], [array([-0.12502739,  0.02892801,  0.00521815, -0.1535688 , -0.09168527,
       -0.07414155, -0.07960281, -0.07325117,  0.20026648, -0.16829908,
        0.1981784 , -0.1198121 , -0.15590657, -0.02130868, -0.034132  ,
        0.2054805 , -0.14714594, -0.15663326, -0.0673146 , -0.03131184,
        0.09777265,  0.01985922, -0.05771272,  0.13602704, -0.14211792,
       -0.34198612, -0.10089016, -0.05267274, -0.10438397, -0.06462716,
        0.02237085,  0.07472908, -0.23179062, -0.0230963 , -0.00454939,
        0.16757393,  0.0813906 , -0.06180751,  0.12103907,  0.00671663,
       -0.2917566 ,  0.01986558,  0.10827961,  0.25896269,  0.15507098,
        0.00391551, -0.02412084, -0.10213836,  0.09244853, -0.19344234,
       -0.00759503,  0.12703523, -0.01466217,  0.05176328,  0.01802091,
       -0.10787809,  0.08701432,  0.13562123, -0.1983282 , -0.03064244,
        0.07169887, -0.13326225, -0.00606339, -0.1296955 ,  0.24500704,
        0.09397116, -0.12612592, -0.19381189,  0.07255682, -0.18250845,
       -0.08099132,  0.05711027, -0.15634215, -0.19575423, -0.42586294,
        0.01163218,  0.35374573,  0.1596373 , -0.16570759,  0.159768  ,
       -0.04498057, -0.00641486,  0.12120498,  0.18763596,  0.10020371,
        0.09214425, -0.09452419,  0.07376786,  0.22682925, -0.03342309,
        0.02837587,  0.22299421, -0.04273821,  0.02555239, -0.04361055,
        0.06527611, -0.12041168,  0.01690349, -0.12472653,  0.0376822 ,
       -0.0148381 ,  0.06554551, -0.0130591 ,  0.0933433 , -0.20024598,
        0.11645316, -0.00278655, -0.04068662, -0.07590918,  0.02318936,
       -0.03238687, -0.08164089,  0.107381  , -0.23044075,  0.13247669,
        0.18124011,  0.06791584,  0.16796319,  0.09704522,  0.08310733,
       -0.03468479, -0.02075439, -0.22160314,  0.01929067,  0.04525754,
       -0.0076168 ,  0.10768288,  0.05230309])], [array([-1.37383357e-01,  6.49612695e-02, -2.48140935e-02, -6.85676709e-02,
       -1.16439134e-01,  5.13674738e-03, -8.85156542e-02, -1.27417371e-01,
        1.64824069e-01, -1.72854245e-01,  2.38375410e-01, -5.36478609e-02,
       -1.59251764e-01, -1.03477016e-01, -5.60387447e-02,  1.19125769e-01,
       -1.26738131e-01, -2.07764357e-01,  5.81611991e-02, -2.51012202e-02,
        5.63783683e-02,  6.62612990e-02, -1.14140632e-02,  6.41412735e-02,
       -1.30575135e-01, -2.98238337e-01, -7.67146870e-02, -6.14101440e-02,
        1.75743271e-02, -6.17229864e-02, -1.23250382e-02,  6.72533065e-02,
       -1.81142852e-01,  7.22978171e-03,  5.45390807e-02,  1.74249679e-01,
       -3.42899710e-02, -1.15187541e-02,  2.28288829e-01, -3.38593014e-02,
       -2.23527551e-01, -1.88341215e-02,  6.28744215e-02,  2.91095614e-01,
        1.66658103e-01,  1.30559206e-02, -4.27475497e-02, -1.90092742e-01,
        9.97073501e-02, -1.22769140e-01,  8.05387646e-02,  1.98391914e-01,
        5.72032258e-02,  5.59144914e-02, -1.41226184e-02, -1.09336458e-01,
        3.13147940e-02,  1.49462894e-01, -1.34871736e-01, -1.24111269e-02,
        6.89410716e-02, -1.00576475e-01,  5.74616063e-03, -9.42601115e-02,
        2.14232028e-01,  2.53339931e-02, -7.80400559e-02, -2.35069007e-01,
        1.70933425e-01, -1.82089061e-01, -1.77417457e-01,  1.31073952e-01,
       -1.09931201e-01, -1.98675841e-01, -3.13458174e-01,  1.45244291e-02,
        3.39390308e-01,  1.51122272e-01, -1.34946182e-01,  1.23359814e-01,
        2.34781504e-02, -7.33967647e-02,  1.27083912e-01,  1.53874353e-01,
        4.41677123e-03, -3.83661799e-02, -1.04387023e-01,  4.10823617e-03,
        2.71163106e-01, -1.00839436e-02, -3.90269645e-02,  1.29544139e-01,
        9.20332409e-03,  6.00199625e-02,  4.31845747e-02,  6.27772361e-02,
       -5.36279753e-02,  8.75808522e-02, -1.62395820e-01, -2.42677610e-02,
       -7.11664185e-03, -1.09883882e-02, -7.44023453e-03,  1.70941442e-01,
       -1.95360631e-01,  1.94412708e-01,  9.92183015e-03, -3.48114818e-02,
       -1.42170452e-02, -2.33087763e-02, -4.15743217e-02, -1.64864454e-02,
        1.29089534e-01, -2.64812320e-01,  2.18840078e-01,  1.15428455e-01,
        1.65042117e-01,  2.02688470e-01,  1.33418858e-01,  8.06797594e-02,
        3.06962058e-04, -7.39337653e-02, -2.73680359e-01, -4.97155413e-02,
        3.57765518e-02, -2.59721465e-02,  1.20230429e-01,  7.20201284e-02])], [array([-0.07828525,  0.00717281,  0.04064766, -0.11618496, -0.07475316,
       -0.04291084, -0.07112882, -0.13044284,  0.12036154, -0.17867881,
        0.18440719, -0.07601953, -0.18298276, -0.04014345, -0.04983744,
        0.18872778, -0.14334874, -0.14340976, -0.04149089,  0.05219913,
        0.1080348 ,  0.02971721, -0.04425253,  0.11145605, -0.12802145,
       -0.30721796, -0.15246792, -0.04038842, -0.10344245, -0.06780268,
       -0.07942764,  0.03217188, -0.20499429, -0.02633261,  0.01056972,
        0.15092672,  0.00081091, -0.08995722,  0.11843532,  0.07548903,
       -0.28124723,  0.12609136,  0.0983487 ,  0.25466213,  0.2114578 ,
       -0.0107178 , -0.00550454, -0.15399593,  0.16007134, -0.2125404 ,
        0.04660424,  0.10977121,  0.05233121,  0.07177235,  0.02788962,
       -0.07683343,  0.06886942,  0.11904306, -0.13781323,  0.05041655,
        0.13636635, -0.08470599, -0.01774067, -0.08834943,  0.15991792,
        0.10698627, -0.12436009, -0.23274304,  0.07054389, -0.19000208,
       -0.13805321,  0.07933557, -0.16905645, -0.17330657, -0.33398572,
        0.0287217 ,  0.35099736,  0.12589721, -0.20466162,  0.09529147,
       -0.03395167,  0.01601544,  0.17356478,  0.18228844,  0.11046077,
        0.0438671 , -0.09639677,  0.04765708,  0.28129178, -0.04025082,
        0.01404178,  0.25880668, -0.00589213,  0.06342647,  0.03003342,
        0.06735273, -0.08712474,  0.02890224, -0.16412215,  0.01180739,
        0.01837193,  0.02366476, -0.03571436,  0.11021733, -0.15811819,
        0.16409022, -0.02647252,  0.00985173,  0.01637716, -0.03686106,
       -0.11951144, -0.01630556,  0.09719566, -0.21806514,  0.16799411,
        0.13782601,  0.07643627,  0.02929251,  0.12616137,  0.06581455,
       -0.02212604, -0.01807974, -0.25879997, -0.00224709,  0.10267965,
       -0.01917139,  0.08318247, -0.02093421])], [array([-0.06661649,  0.11438523,  0.07630833, -0.0818991 , -0.13105306,
       -0.02879987, -0.07405557, -0.12161356,  0.11811106, -0.13224779,
        0.24845949, -0.06944648, -0.20910816, -0.06229221, -0.06695774,
        0.22314778, -0.09419827, -0.13829194, -0.07248774,  0.03690747,
        0.14178137,  0.06753214,  0.0108376 ,  0.05263421, -0.14772937,
       -0.29706949, -0.11592256, -0.03583623, -0.06369677, -0.09467489,
       -0.04896297,  0.03604962, -0.22393081, -0.02893027,  0.0525853 ,
        0.10911866, -0.04232829, -0.08520225,  0.14252833,  0.06547949,
       -0.25871971,  0.15153642,  0.03106352,  0.21328583,  0.17786466,
       -0.00136774,  0.02578092, -0.21651702,  0.11293706, -0.14486928,
        0.08169763,  0.14684379,  0.06087081,  0.07062455,  0.0498979 ,
       -0.07859935,  0.0494221 ,  0.11868055, -0.141845  ,  0.01886411,
        0.13981616, -0.04002092, -0.03255587, -0.13312769,  0.1304096 ,
        0.06536409, -0.1040787 , -0.22603571,  0.11850436, -0.12784232,
       -0.13444054,  0.09220906, -0.17549664, -0.1749215 , -0.30877021,
        0.06053317,  0.36163425,  0.14013322, -0.26033503,  0.03851174,
        0.00596483,  0.02175058,  0.1017089 ,  0.14149493,  0.03805234,
        0.02166036, -0.07547304,  0.04353494,  0.25416556, -0.07404318,
       -0.02367259,  0.29425126,  0.01639657,  0.05898593,  0.03597121,
        0.00036877, -0.07068601,  0.01110681, -0.14958307, -0.02441204,
        0.00631556, -0.01991198, -0.06153482,  0.12951905, -0.11859255,
        0.14132644, -0.04112633,  0.00432319, -0.04023269,  0.01504983,
       -0.15581065, -0.03964979,  0.10822862, -0.17357524,  0.2358875 ,
        0.13368699,  0.09052894,  0.01637637,  0.18034241,  0.10116757,
        0.00593391, -0.0074723 , -0.20023145, -0.05027162,  0.1470582 ,
       -0.02328346,  0.09647691, -0.00885195])], [array([-4.15289328e-02,  1.94048882e-02,  1.00168325e-01, -9.40704346e-02,
       -7.32071698e-02, -2.74541527e-02, -7.46117756e-02, -1.31477997e-01,
        1.09652452e-01, -1.85940489e-01,  2.03801543e-01, -1.07709393e-01,
       -1.48980215e-01, -3.78361195e-02, -1.99588537e-02,  2.41499320e-01,
       -1.44117728e-01, -1.31004930e-01, -5.46681769e-02,  8.54001381e-03,
        5.90382665e-02,  5.24903126e-02,  1.82823464e-02,  8.40252712e-02,
       -1.24167770e-01, -2.84813285e-01, -1.02830447e-01,  1.32731535e-03,
       -7.31845945e-02, -4.11558002e-02, -5.33932373e-02,  7.66383708e-02,
       -1.80972487e-01,  1.44841233e-02,  4.36231345e-02,  1.60654813e-01,
        5.64892590e-03, -1.24712989e-01,  1.13941282e-01,  2.88825873e-02,
       -2.72559613e-01,  9.00876671e-02,  1.02735922e-01,  2.30563238e-01,
        2.00553671e-01, -6.82889344e-03, -2.23432574e-02, -1.11376263e-01,
        1.09801859e-01, -1.77666917e-01, -2.43080650e-02,  6.76873475e-02,
        2.71971412e-02,  1.22002186e-02,  6.07707314e-02, -8.28874484e-02,
        5.20975888e-02,  1.28116995e-01, -1.09086782e-01, -1.05490694e-02,
        9.10089165e-02, -8.44919384e-02, -9.10878554e-03, -1.71238303e-01,
        1.63857862e-01,  7.84401670e-02, -1.17073096e-01, -1.95677653e-01,
        8.82567540e-02, -1.49851248e-01, -1.31936476e-01,  7.66096413e-02,
       -1.52918324e-01, -1.54585183e-01, -3.14847320e-01, -4.38151620e-02,
        3.34744185e-01,  1.20958850e-01, -2.31361553e-01,  6.76716566e-02,
        8.09860229e-02,  3.41986716e-02,  1.36094257e-01,  2.09126979e-01,
        7.84458816e-02,  5.71271777e-02, -7.59259388e-02, -1.19151240e-02,
        2.40160272e-01, -3.96371707e-02,  2.13242951e-04,  2.29484349e-01,
       -2.53410600e-02,  8.75228923e-03,  8.91632214e-03, -1.26188267e-02,
       -6.25461712e-02,  4.46455441e-02, -1.90722793e-01, -1.53668784e-02,
       -1.90992281e-02, -3.87391308e-03, -3.71183716e-02,  1.17720798e-01,
       -1.69910312e-01,  1.48240209e-01, -3.64901163e-02, -7.46224122e-03,
        2.33817175e-02,  3.65070663e-02, -9.39750895e-02, -1.19199548e-02,
        1.16129071e-01, -2.25713596e-01,  8.48007426e-02,  1.86941504e-01,
        5.71447089e-02,  5.78101985e-02,  1.07950874e-01,  1.33972600e-01,
       -2.83984132e-02,  5.15073389e-02, -2.29066193e-01, -5.12373336e-02,
        7.21028149e-02, -7.33644143e-02,  9.80873108e-02,  6.67883223e-03])], [array([-0.0986632 ,  0.08971187, -0.00779142, -0.06579714, -0.13222881,
        0.00942562, -0.09583359, -0.13264339,  0.07843849, -0.15888973,
        0.18996374, -0.08596595, -0.18593694, -0.03270768, -0.07574342,
        0.18764915, -0.1035565 , -0.18807893, -0.04541826,  0.02791172,
        0.05569034,  0.12164226, -0.04467308,  0.07717513, -0.1124603 ,
       -0.29668701, -0.11973625, -0.07475423,  0.02040936, -0.07947864,
       -0.12130832,  0.00719711, -0.17425492, -0.02761681,  0.10674278,
        0.10914494,  0.00710453, -0.0491767 ,  0.13436918,  0.04344799,
       -0.26018879,  0.13117327,  0.11019097,  0.31168497,  0.21875504,
        0.00234259, -0.01607192, -0.23588103,  0.12692352, -0.12767012,
        0.04921038,  0.11944664,  0.10580023,  0.08508528, -0.013003  ,
       -0.10906242,  0.04020437,  0.13871127, -0.14664036,  0.04282497,
        0.14422032, -0.0498984 ,  0.0129547 , -0.09783877,  0.20856461,
       -0.00180145, -0.12738727, -0.23402737,  0.09605589, -0.19747208,
       -0.10229871,  0.09942428, -0.15076952, -0.16812512, -0.30901337,
        0.04145809,  0.33470675,  0.19154093, -0.19254631,  0.10162666,
       -0.01205483,  0.02354122,  0.12400722,  0.14487746,  0.00577756,
       -0.00659548, -0.07948476,  0.03170493,  0.30182582, -0.04810628,
        0.02350987,  0.20975293,  0.00266873,  0.05063527,  0.04557896,
        0.06991607, -0.12799583, -0.03053714, -0.14807189, -0.04260164,
       -0.05989166, -0.01385184,  0.01953341,  0.1861036 , -0.16570368,
        0.17201968, -0.04680753, -0.00678039, -0.01340336, -0.00270354,
       -0.04192368, -0.03878517,  0.11579418, -0.19564475,  0.1837156 ,
        0.12590893,  0.1505141 ,  0.07104214,  0.14886823,  0.05803543,
       -0.04951178, -0.00985624, -0.23581731, -0.0246044 ,  0.12110825,
       -0.06230424,  0.13352616, -0.00721753])], [array([-0.11485983,  0.08359801,  0.0064423 , -0.07800207, -0.11336373,
       -0.05383134, -0.05330215, -0.06241196,  0.17759146, -0.11523558,
        0.19548053, -0.05844865, -0.22965343, -0.09087401, -0.02194499,
        0.17605044, -0.20552953, -0.14767298,  0.01441053, -0.00231533,
        0.14582081,  0.00275904, -0.02614739,  0.0870295 , -0.11832052,
       -0.33625522, -0.05707013, -0.02045286,  0.05133787, -0.07651876,
       -0.07161722,  0.02745456, -0.25874132, -0.08383078,  0.0055741 ,
        0.12941137, -0.00099192, -0.06941597,  0.15973437,  0.01597263,
       -0.26116598,  0.0493787 ,  0.051227  ,  0.21377224,  0.15389022,
        0.08486464,  0.01028345, -0.16869879,  0.13841113, -0.21868765,
        0.02227546,  0.17384672,  0.11326751,  0.00092198, -0.05211063,
       -0.17369345,  0.02946478,  0.0821849 , -0.22082935, -0.00112837,
        0.08220123, -0.06758942, -0.02736787, -0.0692813 ,  0.17508967,
        0.05807722, -0.09520048, -0.20757395,  0.11954699, -0.19588187,
       -0.07981063,  0.10749958, -0.08134937, -0.20153764, -0.33881706,
        0.01236386,  0.33247906,  0.09977204, -0.15604243,  0.07954132,
       -0.0360642 , -0.01984738,  0.11104897,  0.15972927, -0.00907972,
        0.01877414, -0.13343184,  0.03983264,  0.23659873, -0.06750559,
        0.00998314,  0.19711246,  0.06619549,  0.10048833, -0.01851604,
        0.08119857, -0.11210251,  0.05914281, -0.11475243, -0.0034876 ,
        0.06034401,  0.02129425, -0.02152678,  0.13562508, -0.1893969 ,
        0.13335817, -0.0263892 , -0.05739029, -0.01525124, -0.05621253,
       -0.07351796, -0.07227575,  0.06851389, -0.22727586,  0.18479894,
        0.21493377,  0.05362523,  0.1299929 ,  0.10933188,  0.0448731 ,
        0.02997005, -0.05046818, -0.23925953, -0.04808674,  0.08880801,
       -0.07528599,  0.08579966, -0.01710054])], [array([-0.09297229,  0.10061191,  0.04363189, -0.08806694, -0.18610096,
       -0.06808852, -0.12417732, -0.08013711,  0.14574525, -0.08736442,
        0.17944244, -0.12546815, -0.16707999, -0.04062977, -0.0166665 ,
        0.15575156, -0.06864157, -0.15243439, -0.07071811, -0.06659149,
        0.06926693,  0.10058367, -0.02518494,  0.10648666, -0.14867304,
       -0.31066623,  0.01325586, -0.10991871, -0.05868346, -0.10537647,
       -0.03865742,  0.13517646, -0.13548313, -0.03991754,  0.08076496,
        0.21109235,  0.02714476, -0.06602933,  0.16239725, -0.02092394,
       -0.2705107 ,  0.01671727,  0.11158606,  0.25641108,  0.25379401,
        0.00990601,  0.03752135, -0.09519937,  0.13521729, -0.22833967,
        0.05711441,  0.15352289,  0.04862846,  0.06734216,  0.05031532,
       -0.19820222,  0.00767026,  0.12700844, -0.23918362, -0.01378005,
        0.1235887 , -0.1147331 , -0.01116326, -0.11870418,  0.2801885 ,
        0.09078059, -0.15705924, -0.14311036,  0.11523425, -0.1811564 ,
       -0.11688092,  0.09758525, -0.16563399, -0.17159335, -0.34339303,
        0.06045862,  0.37078887,  0.18395552, -0.17096318,  0.0673999 ,
       -0.0484456 , -0.00825598,  0.00662214,  0.12454385,  0.06499576,
       -0.01915448, -0.07225255,  0.03262123,  0.22420877, -0.03379547,
        0.00368526,  0.19902481,  0.00977237, -0.00976907, -0.05504128,
        0.08186117, -0.13470189,  0.00940252, -0.11275916,  0.00043329,
       -0.04906083, -0.01608558,  0.02659117,  0.12376375, -0.23171045,
        0.15941933, -0.05208302, -0.04069776, -0.10408177, -0.03594726,
       -0.00790688, -0.00552784,  0.15424967, -0.25209326,  0.17571223,
        0.13690704,  0.16544229,  0.21752764,  0.07722818,  0.06130545,
        0.05982684, -0.06107631, -0.16579728, -0.07328998,  0.02289527,
        0.00371261,  0.08568466,  0.12438885])], [array([-0.07047985,  0.06583412,  0.07792573, -0.04405477, -0.1052703 ,
        0.00307495, -0.09161621, -0.04773182,  0.16904616, -0.1405264 ,
        0.18189798, -0.06902863, -0.19959803, -0.00282523, -0.05716211,
        0.21558072, -0.13910563, -0.11261997,  0.00557836,  0.02576234,
        0.07482276,  0.05665494, -0.03524742,  0.06248869, -0.08366615,
       -0.37563071, -0.10074046, -0.03565259, -0.09809596, -0.04161239,
       -0.07908429,  0.09054879, -0.18364367, -0.05351258,  0.04443173,
        0.14965175,  0.00306924, -0.09104715,  0.08383937,  0.01818568,
       -0.3173129 ,  0.07307724,  0.10094615,  0.23606268,  0.12613308,
        0.03438314, -0.00688647, -0.0977076 ,  0.06366672, -0.17888939,
        0.06609296,  0.10715633,  0.07671917,  0.04411555,  0.02457122,
       -0.13255656,  0.03455153,  0.0755578 , -0.10583412, -0.0283514 ,
        0.1172637 , -0.07791448,  0.04642964, -0.09629501,  0.18352936,
        0.13723457, -0.05802402, -0.2156229 ,  0.10992817, -0.17510515,
       -0.10981067,  0.07199968, -0.13303773, -0.1793687 , -0.29465309,
        0.02981345,  0.33930588,  0.13823602, -0.16068761,  0.06616955,
        0.02736978, -0.00270622,  0.11401874,  0.21844336,  0.05999804,
        0.08148373, -0.05311579,  0.0175288 ,  0.28144354, -0.025736  ,
       -0.03173987,  0.20706214, -0.01168427,  0.02720469,  0.02970925,
       -0.00264414, -0.02652823,  0.04706389, -0.17559293,  0.00457504,
       -0.0017996 , -0.00608414, -0.06687298,  0.13300712, -0.2082305 ,
        0.09851998, -0.03827266, -0.0286381 ,  0.01660093,  0.03783797,
       -0.07280728, -0.02393067,  0.13788649, -0.19381315,  0.17905553,
        0.14843412,  0.0902362 ,  0.10619923,  0.10384758,  0.08572988,
        0.02941968, -0.07856157, -0.25130543, -0.05083134,  0.10811052,
       -0.06534671,  0.08065808,  0.01878056])], [array([-0.11948391,  0.1191867 ,  0.07324409, -0.06035079, -0.11106019,
       -0.04233474, -0.01805679, -0.08576652,  0.13821292, -0.13482167,
        0.24650741, -0.0835528 , -0.23514399, -0.0162396 , -0.04936942,
        0.22058247, -0.13881248, -0.19300339, -0.06260679, -0.00999527,
        0.09424048,  0.04321403, -0.046408  ,  0.04791781, -0.05114859,
       -0.28352356, -0.11050419,  0.00790938, -0.00811736, -0.04924171,
       -0.00074673,  0.03751128, -0.22025861, -0.03842498,  0.0550459 ,
        0.14627996, -0.00530107, -0.03310935,  0.18359357,  0.00205627,
       -0.25719497,  0.09101202,  0.10940983,  0.26346362,  0.15747483,
        0.05420854, -0.02501194, -0.19189166,  0.05464448, -0.16047198,
        0.0841638 ,  0.15884742,  0.08642802,  0.07521895,  0.00754167,
       -0.14303856,  0.03475909,  0.07635143, -0.17302068, -0.00057361,
        0.14529799, -0.07961172, -0.02493747, -0.13384441,  0.20483518,
        0.03100521, -0.11579531, -0.2661725 ,  0.15163559, -0.19683194,
       -0.14796728,  0.13247749, -0.10743949, -0.14568886, -0.36051005,
        0.0390352 ,  0.38603774,  0.09791666, -0.19926682,  0.09721567,
        0.00990706, -0.05864776,  0.09259225,  0.15848619,  0.01561424,
        0.05738479, -0.12750413,  0.00493501,  0.27701062, -0.03302494,
       -0.05189133,  0.20982066,  0.0366473 ,  0.0344678 ,  0.04634931,
        0.06171702, -0.02410277, -0.02146774, -0.23289204, -0.04399248,
       -0.04996356, -0.02413427, -0.10890158,  0.09063507, -0.15362845,
        0.15602991, -0.01154133, -0.03159171, -0.13092221, -0.00802286,
       -0.14426789,  0.00146953,  0.16017209, -0.2454935 ,  0.20393127,
        0.15108094,  0.10268536,  0.07258625,  0.17402588,  0.09383067,
        0.00633086, -0.05751198, -0.22347239, -0.08308371,  0.08536826,
       -0.05133696,  0.15828426,  0.07699332])], [array([-0.11720658,  0.16264942,  0.04338128, -0.05215219, -0.09824596,
        0.02603492,  0.00717709, -0.07029984,  0.16538401, -0.10428649,
        0.27125916, -0.03687768, -0.30747363, -0.05702836, -0.04389101,
        0.12970829, -0.12055399, -0.17089343, -0.0152103 ,  0.02145007,
        0.11479245,  0.07061677, -0.04145914,  0.08588313, -0.17129743,
       -0.3195028 , -0.04072879, -0.08362105, -0.03790773, -0.17440574,
       -0.05317929,  0.03015614, -0.19558968, -0.0328752 ,  0.00528384,
        0.06539224, -0.0511794 , -0.0610742 ,  0.17683153, -0.01351642,
       -0.30854574, -0.01429598,  0.10727762,  0.31754157,  0.18571308,
       -0.00395452, -0.01975306, -0.11731566,  0.07590719, -0.26275823,
        0.02645187,  0.13803108,  0.09530445,  0.03913051,  0.04447687,
       -0.14381084, -0.01626021,  0.03348454, -0.19182761, -0.0189672 ,
        0.09346522, -0.08715252,  0.0485303 , -0.04026931,  0.19112752,
       -0.01148015, -0.09749529, -0.13087499,  0.11615363, -0.22988273,
       -0.06466348,  0.18423718, -0.0656129 , -0.24781153, -0.3065564 ,
        0.05600645,  0.36134732,  0.18576878, -0.07693889,  0.10781104,
       -0.06335327, -0.03611354,  0.08153067,  0.06575991, -0.03278666,
        0.07839555, -0.13813645,  0.12510048,  0.30086666, -0.05350043,
        0.00495991,  0.2448598 ,  0.02086589, -0.02854587,  0.05468356,
        0.08891348, -0.06884348,  0.01618765, -0.15400292,  0.02863089,
        0.02469149, -0.04970528,  0.0204703 ,  0.14418679, -0.23253775,
        0.06831528, -0.00309315, -0.08271112, -0.03813228, -0.04087161,
       -0.13016117, -0.04689841,  0.1032529 , -0.2970641 ,  0.14756602,
        0.11595093,  0.08117381,  0.10047273,  0.09790927, -0.02762269,
        0.00783924, -0.14200953, -0.16056724, -0.06200905,  0.14747912,
       -0.02687284,  0.15148306, -0.02620336])], [array([-1.02282614e-01,  6.47673849e-03,  2.43320912e-02, -8.28414634e-02,
       -1.20767690e-01, -8.80602077e-02, -6.09894395e-02, -8.61184299e-02,
        1.28994524e-01, -1.06416836e-01,  1.54580414e-01, -8.24272782e-02,
       -1.74167290e-01,  1.62287001e-02, -2.89166123e-02,  2.13009179e-01,
       -9.62090045e-02, -1.59716889e-01, -1.24565937e-01,  2.09311023e-03,
        6.08928688e-02,  6.73369244e-02, -4.17410433e-02,  9.94796529e-02,
       -1.18127085e-01, -3.42840284e-01, -1.14109159e-01, -1.15654590e-02,
       -8.46465081e-02, -3.81232910e-02, -3.77630703e-02,  1.39742255e-01,
       -2.00563803e-01, -4.70742062e-02,  9.35731977e-02,  1.68012410e-01,
        3.56870592e-02, -1.25797942e-01,  8.52833688e-02,  3.79051268e-03,
       -3.05116534e-01,  6.41312599e-02,  1.42566204e-01,  2.65783280e-01,
        1.68125466e-01, -5.04692271e-02,  3.05183809e-02, -1.24570072e-01,
        9.07180309e-02, -1.75519958e-01,  2.68390588e-02,  8.23735297e-02,
        2.38892697e-02,  9.32627991e-02,  6.10449947e-02, -1.05644397e-01,
        7.97965378e-02,  1.31173596e-01, -1.08887948e-01, -4.90882024e-02,
        1.30552426e-01, -6.50928020e-02, -2.02559195e-02, -1.78374827e-01,
        2.15270743e-01,  7.33272433e-02, -1.19460024e-01, -1.97765902e-01,
        8.13434348e-02, -1.40813768e-01, -9.85538214e-02,  5.75900376e-02,
       -1.93496197e-01, -1.66156292e-01, -3.60162079e-01,  3.87835279e-02,
        3.32883596e-01,  1.65025041e-01, -1.78734779e-01,  1.35525107e-01,
        3.65987374e-03,  5.55543825e-02,  8.85539055e-02,  1.69596374e-01,
        5.04316241e-02,  1.34269834e-01, -6.44064769e-02,  1.08550578e-01,
        2.73827285e-01, -1.11772493e-02,  2.91498611e-04,  2.30482519e-01,
        1.56225823e-03,  2.04819664e-02,  1.61390286e-02,  3.04301530e-02,
       -4.46605459e-02, -2.06262078e-02, -1.91592634e-01,  3.06215100e-02,
        3.22731882e-02,  6.61716387e-02, -8.58395919e-03,  1.37264743e-01,
       -1.37596458e-01,  1.15150355e-01, -1.49000306e-02,  3.18325572e-02,
       -2.64398269e-02,  6.08020881e-03, -5.99647947e-02, -3.78190503e-02,
        7.46823922e-02, -1.99024871e-01,  1.31444708e-01,  1.20584846e-01,
        1.11132883e-01,  6.45098537e-02,  8.84968415e-02,  4.41349149e-02,
       -1.87503509e-02, -2.46117339e-02, -2.33144790e-01,  2.13059876e-02,
        1.50908500e-01, -1.72606278e-02,  7.40145668e-02,  4.24355082e-02])], [array([-0.14161396,  0.10917906,  0.02609481, -0.08412489, -0.15715151,
       -0.06710774, -0.10168685, -0.11870486,  0.1016477 , -0.09092731,
        0.29117891, -0.06681824, -0.22791247, -0.06276321, -0.08044052,
        0.20546554, -0.16348994, -0.11905529, -0.06138267,  0.01968991,
        0.08519831,  0.05283011,  0.08093095,  0.0544874 , -0.14044996,
       -0.37190086, -0.08152488, -0.08522253, -0.08250144, -0.07096375,
       -0.00903632,  0.03489532, -0.20840979, -0.02210795,  0.04707234,
        0.09764316, -0.03458403, -0.09696027,  0.17303044, -0.01628117,
       -0.29947507,  0.0558759 ,  0.08699881,  0.25158155,  0.21378678,
        0.00113776,  0.04092598, -0.17072953,  0.13963376, -0.13355075,
        0.0089507 ,  0.12929907,  0.06953782, -0.01819325, -0.00171566,
       -0.04090112,  0.03848403,  0.14744124, -0.19645895, -0.05940241,
        0.15022931, -0.06438753, -0.02581984, -0.14409584,  0.21712759,
        0.08162315, -0.14036748, -0.22788423,  0.11704261, -0.16879246,
       -0.10782366,  0.12874416, -0.20189494, -0.23102957, -0.35621679,
        0.00682386,  0.31146547,  0.10542401, -0.10918865,  0.0446073 ,
       -0.0038705 ,  0.02579748,  0.04953067,  0.15581734,  0.01304692,
        0.02675902, -0.12287955,  0.05027125,  0.29355663, -0.10488836,
       -0.04841713,  0.22888312, -0.00639939,  0.01552889, -0.00913231,
        0.04943327, -0.10632286,  0.03460762, -0.14564469,  0.04108068,
       -0.00785623,  0.02208059, -0.0164828 ,  0.11563491, -0.10467243,
        0.06408808, -0.07760941,  0.00205796, -0.05181835, -0.07028376,
       -0.1022514 , -0.08414638,  0.08962653, -0.18617183,  0.20377718,
        0.13329695,  0.1396928 ,  0.06525978,  0.14670521,  0.01892762,
       -0.0268469 ,  0.00098271, -0.23444308, -0.03528497,  0.13171317,
       -0.0358569 ,  0.15769185, -0.02580615])], [array([-1.06550574e-01,  4.71970625e-02,  4.56297621e-02, -9.46483016e-02,
       -1.97783008e-01, -2.66980752e-03, -7.02091753e-02, -1.17003106e-01,
        8.28871056e-02, -1.56720266e-01,  2.06362605e-01, -5.90573922e-02,
       -1.15655385e-01, -2.58924812e-02, -5.59290275e-02,  2.40838572e-01,
       -1.19663775e-01, -2.44986758e-01, -6.84936196e-02, -5.21617047e-02,
        3.26784775e-02,  5.72209470e-02, -2.89048869e-02,  1.13127545e-01,
       -1.52572840e-01, -3.59207302e-01, -7.14766383e-02, -6.47667795e-02,
       -7.75841400e-02, -1.11180857e-01, -4.78648953e-02,  1.51999444e-01,
       -1.83894888e-01,  1.74596291e-02,  3.11783087e-02,  1.31408751e-01,
        1.51795419e-02, -7.63740838e-02,  1.21963255e-01,  6.33160844e-02,
       -3.08872700e-01,  6.55849501e-02,  1.21613212e-01,  3.10200363e-01,
        1.90726295e-01, -3.58576179e-02,  1.49955554e-02, -6.19245619e-02,
        5.16943783e-02, -1.92738220e-01,  5.13611808e-02,  1.07782826e-01,
        5.19321188e-02,  5.42673245e-02,  2.60482542e-04, -7.33470097e-02,
       -1.17773013e-02,  5.83753809e-02, -1.69133171e-01,  3.85010126e-03,
        1.01507217e-01, -1.45117030e-01, -1.93660688e-02, -2.34576061e-01,
        2.14460507e-01,  1.59097612e-01, -9.49827060e-02, -2.18675092e-01,
        1.08594812e-01, -1.62623942e-01, -1.74016982e-01,  4.59893495e-02,
       -1.80574954e-01, -1.43135309e-01, -3.41561496e-01,  2.06533056e-02,
        3.30005586e-01,  1.82977334e-01, -1.56921387e-01,  4.39662412e-02,
        1.10108247e-02, -1.68912392e-02,  2.73826625e-02,  1.76852524e-01,
        8.11452866e-02,  4.36254628e-02, -4.75409105e-02,  8.85365605e-02,
        2.37941161e-01, -3.78117673e-02, -4.49493974e-02,  1.86570287e-01,
       -4.92154583e-02, -4.45213541e-03, -1.12020802e-02,  9.26252976e-02,
       -1.04299076e-01,  5.54303490e-02, -1.42073646e-01,  1.21369809e-02,
       -9.81338844e-02,  3.91964428e-02,  4.19561379e-03,  1.31989256e-01,
       -1.03004783e-01,  1.54121444e-01, -7.28628412e-02, -8.27349164e-03,
       -8.25462714e-02,  4.27553914e-02, -6.76764399e-02, -6.49582371e-02,
        8.80812258e-02, -1.71386585e-01,  1.55076027e-01,  1.79301396e-01,
        1.00997522e-01,  9.82026383e-02,  1.01035334e-01,  6.53659552e-02,
       -3.17097716e-02, -3.59670334e-02, -2.34440193e-01, -2.28680149e-02,
        1.09878175e-01, -6.09113537e-02,  7.87426680e-02,  7.82694444e-02])], [array([-1.08009592e-01,  6.17858060e-02, -2.00418290e-02, -1.06603034e-01,
       -9.74959433e-02, -3.86383608e-02, -3.85616794e-02, -1.00207113e-01,
        1.63408443e-01, -1.05378121e-01,  2.10650727e-01, -8.16622153e-02,
       -2.71378100e-01, -4.20774333e-02, -4.17275503e-02,  1.90214515e-01,
       -1.29384175e-01, -1.46487474e-01, -1.01446897e-01,  4.03113961e-02,
        5.96836098e-02,  7.86338598e-02,  6.36773482e-02,  9.91181061e-02,
       -1.15172200e-01, -3.47081125e-01, -9.16359946e-02, -6.93490803e-02,
       -7.24996775e-02, -5.62623106e-02, -5.99461012e-02,  2.06421521e-02,
       -1.97121292e-01, -5.68296090e-02,  8.40053558e-02,  1.42372802e-01,
        1.78018468e-04, -9.94198099e-02,  2.02482224e-01,  4.50381264e-03,
       -3.23822945e-01,  7.96729624e-02,  8.40542316e-02,  2.52168506e-01,
        1.64297760e-01, -3.00104311e-03, -1.92275718e-02, -2.06803307e-01,
        1.67405307e-01, -1.98363692e-01,  7.15019032e-02,  1.36718899e-01,
        4.55827974e-02,  6.72375457e-03, -1.55677721e-02, -8.86701941e-02,
        2.04417109e-02,  2.00933799e-01, -1.61344916e-01, -7.15852305e-02,
        1.16319880e-01, -8.64400156e-03, -4.58975062e-02, -1.52650997e-01,
        2.11228892e-01,  6.18682988e-02, -1.78792626e-01, -1.99654520e-01,
        9.15079415e-02, -1.65729538e-01, -8.20909068e-02,  1.10543355e-01,
       -1.78056583e-01, -2.14827731e-01, -3.15036654e-01,  4.41713147e-02,
        3.41832191e-01,  9.77935493e-02, -1.59268826e-01,  9.17818472e-02,
       -7.60040432e-02,  2.72222683e-02,  4.79347929e-02,  1.61943451e-01,
        1.95455849e-02,  8.51581842e-02, -8.05752724e-02,  2.96013877e-02,
        2.87037790e-01, -7.40573108e-02,  1.23105478e-03,  2.79507428e-01,
        3.23251002e-02,  9.65664238e-02,  2.08891854e-02,  4.02529724e-02,
       -7.35198557e-02, -2.35723108e-02, -2.10270405e-01,  2.07067933e-02,
        1.69666130e-02,  3.77032496e-02, -2.77159289e-02,  1.21905647e-01,
       -2.02342838e-01,  1.25317350e-01,  1.01602217e-03, -1.71368308e-02,
        4.72577587e-02, -4.21062410e-02, -6.55676499e-02, -1.07499056e-01,
        1.18097953e-01, -2.35201716e-01,  1.54223621e-01,  1.32101253e-01,
        1.61962539e-01,  8.50608125e-02,  1.44566432e-01,  2.41526626e-02,
        8.54083616e-03,  2.35189311e-03, -2.87611604e-01,  2.28266371e-03,
        1.92478493e-01, -2.58787498e-02,  9.54029784e-02, -8.54892191e-03])], [array([-6.31709173e-02,  6.80963099e-02,  3.97936888e-02, -1.08774967e-01,
       -4.76142988e-02, -1.84995383e-02, -1.23577282e-01, -7.22034872e-02,
        2.42081702e-01, -1.43078744e-01,  2.00501040e-01, -1.54480208e-02,
       -1.20001175e-01, -2.57675070e-02, -1.34903807e-02,  2.18268886e-01,
       -1.94557220e-01, -1.69633225e-01, -1.77214444e-02,  3.23791876e-02,
        5.85001782e-02,  2.83462461e-02, -2.66879937e-03,  7.15362281e-02,
       -1.16597906e-01, -3.33395928e-01, -1.50427371e-01, -7.32770041e-02,
       -1.96119584e-02, -9.63923261e-02, -4.94787619e-02,  6.66687414e-02,
       -1.67667553e-01, -4.51925769e-02,  4.29551639e-02,  1.42554045e-01,
        3.66399623e-02, -1.21309116e-01,  1.50746107e-01,  1.45940101e-02,
       -3.10306281e-01,  3.90476473e-02,  1.04145691e-01,  2.26349756e-01,
        1.93813130e-01,  1.14779621e-02,  1.55990785e-02, -1.44861028e-01,
        1.42800912e-01, -1.13452174e-01,  2.36016698e-02,  1.12533383e-01,
        1.03374429e-01,  6.03963919e-02,  5.91381192e-02, -1.51930764e-01,
        9.16504562e-02,  1.00247778e-01, -1.64142281e-01, -4.32089157e-02,
        7.57081062e-02, -4.12611626e-02,  8.13987479e-02, -6.20821007e-02,
        1.95550084e-01,  9.24716294e-02, -6.41157553e-02, -2.36308783e-01,
        1.29024908e-01, -1.39970750e-01, -9.78481397e-02,  1.03028461e-01,
       -1.86353743e-01, -2.06162825e-01, -3.49487603e-01, -6.10505156e-02,
        3.20481598e-01,  1.25730485e-01, -1.61009759e-01,  1.45105079e-01,
        2.45155469e-02, -5.15757278e-02,  7.54459649e-02,  2.15497807e-01,
       -3.12900171e-04,  1.08690619e-01, -8.81749839e-02,  1.23917125e-04,
        2.94512600e-01, -6.92275632e-03, -1.13629056e-02,  1.47173077e-01,
       -3.40276062e-02,  4.78009656e-02,  2.06696689e-02,  3.28386687e-02,
       -7.07254410e-02,  4.37546670e-02, -1.92963034e-01, -2.69242171e-02,
       -6.22859970e-02,  5.24557866e-02, -6.00469373e-02,  1.41243011e-01,
       -1.81185886e-01,  1.07282251e-01,  3.73337604e-03, -3.37492265e-02,
       -1.00619726e-01,  4.70344312e-02, -5.39674871e-02, -3.77549492e-02,
        1.40542403e-01, -1.99867651e-01,  1.37743860e-01,  1.67356700e-01,
        7.48476014e-02,  1.06181227e-01,  1.06052697e-01,  1.04249500e-01,
       -3.71507257e-02, -3.23195904e-02, -2.38057002e-01,  3.55440564e-03,
        6.24447688e-02, -3.79783437e-02,  1.29910156e-01,  4.11224887e-02])], [array([-0.08418351,  0.04905166,  0.03281853, -0.0597415 , -0.12577234,
       -0.02707604, -0.0736903 , -0.11305355,  0.11985777, -0.16058984,
        0.1612812 , -0.11704885, -0.16383445, -0.01707588, -0.02350336,
        0.2480941 , -0.139475  , -0.171902  , -0.0937303 , -0.03835479,
        0.00335062,  0.06140563,  0.00911113,  0.0871301 , -0.17244935,
       -0.34358892, -0.07972056, -0.04898459, -0.14055441, -0.06571435,
       -0.01398736,  0.17479901, -0.11215454,  0.0116836 ,  0.05700114,
        0.11872698,  0.0257079 , -0.06474905,  0.18421249,  0.04984587,
       -0.30603617,  0.0562662 ,  0.14422967,  0.31426162,  0.15858147,
       -0.02597952,  0.01188019, -0.09489785,  0.11389223, -0.17832805,
       -0.00236501,  0.1132536 ,  0.0213271 ,  0.05747432,  0.03924407,
       -0.07267728,  0.05158794,  0.10892846, -0.14536832, -0.0484598 ,
        0.11330988, -0.10514355,  0.0043594 , -0.15939032,  0.21455871,
        0.12186101, -0.09869325, -0.19782871,  0.07652291, -0.1464936 ,
       -0.17793044,  0.02896701, -0.1668649 , -0.15688699, -0.3799049 ,
       -0.05024981,  0.32432619,  0.12781376, -0.17104967,  0.08259263,
        0.01647237, -0.03656568,  0.10287824,  0.20379621,  0.05086529,
        0.02769686, -0.02476659,  0.0217952 ,  0.2688548 , -0.03472811,
       -0.03296476,  0.16798747,  0.02018768,  0.00140384, -0.0137811 ,
        0.01436195, -0.08839309,  0.05385617, -0.1685244 ,  0.04738064,
       -0.08527   ,  0.03226677, -0.00892827,  0.09699889, -0.20341986,
        0.19027153,  0.00936507, -0.0231013 , -0.04899195,  0.06596981,
       -0.08041216, -0.01640078,  0.10928516, -0.23886502,  0.10736591,
        0.17569849,  0.09644425,  0.11540691,  0.10658083,  0.07478875,
       -0.03242951,  0.04030513, -0.23166868, -0.04201181,  0.11625011,
       -0.03254265,  0.07412998,  0.07665309])]]
